Bus.con = [ ... 
  1  115  0.98444  -0.26004  1  1;
  2  115  0.98444  -0.26004  1  1;
  3  230  0.96856  -0.61292  1  1;
  4  230  0.953  -0.54917  1  1;
  5  115  1.0023  -0.25717  1  1;
  6  230  1.0002  -0.2833  1  1;
  7  230  1.008  -0.27165  1  1;
  8  400  1.0265  -0.25382  1  1;
  9  115  0.98444  -0.26004  1  1;
  10  115  1.0023  -0.25717  1  1;
  11  115  1.0023  -0.25717  1  1;
  12  115  0.98444  -0.26004  1  1;
  13  230  1.0576  -0.61106  1  1;
  14  230  0.96771  -0.42846  1  1;
  15  230  0.99306  -0.51836  1  1;
  16  115  0.98444  -0.26004  1  1;
  17  230  1.0195  -0.72939  1  1;
  18  230  0.95441  -0.84457  1  1;
  19  230  0.92897  -0.59157  1  1;
  20  115  1.0023  -0.25717  1  1;
  21  230  0.99766  -0.53707  1  1;
  22  115  0.99722  -0.20566  1  1;
  23  400  1.07  -0.020149  1  1;
  24  115  1.0009  -0.19751  1  1;
  25  230  1.0178  -0.22895  1  1;
  26  230  0.94143  -0.58376  1  1;
  27  115  1.0023  -0.25717  1  1;
  28  115  1.0447  -0.081846  1  1;
  29  230  1.0183  -0.23912  1  1;
  30  230  0.9367  -0.47429  1  1;
  31  400  0.90978  -0.37531  1  1;
  32  230  0.97044  -0.53562  1  1;
  33  115  1.02  -0.118  1  1;
  34  138  1.0046  -0.90972  1  1;
  35  230  0.99316  -0.83224  1  1;
  36  400  0.96966  -0.72924  1  1;
  37  230  1.0059  -0.83355  1  1;
  38  115  0.98444  -0.26004  1  1;
  39  115  0.98025  -0.26446  1  1;
  40  115  1.0023  -0.25717  1  1;
  41  400  1.1192  -0.12256  1  1;
  42  115  0.98444  -0.26004  1  1;
  43  230  1.0561  -0.68744  1  1;
  44  230  1.0055  -0.23512  1  1;
  45  115  1.0023  -0.25717  1  1;
  46  138  1.0573  -0.90473  1  1;
  47  230  1.0067  -0.85005  1  1;
  48  230  0.98193  -0.81876  1  1;
  49  400  0.96726  -0.71909  1  1;
  50  230  0.975  -0.21147  1  1;
  51  400  1.0506  -0.17198  1  1;
  52  115  1.0023  -0.25717  1  1;
  53  115  0.98444  -0.26004  1  1;
  54  115  0.98444  -0.26004  1  1;
  55  230  1.0419  -0.70804  1  1;
  56  115  1.0023  -0.25717  1  1;
  57  230  1.0017  -0.2328  1  1;
  58  400  0.99372  -0.23808  1  1;
  59  400  1  0  1  1;
  60  400  1  0  1  1;
  61  230  1.0021  -0.55915  1  1;
  62  230  1  0  1  1;
  63  230  1  0  1  1;
  64  115  0.98444  -0.26004  1  1;
  65  115  1.0023  -0.25717  1  1;
  66  230  1.02  -0.24902  1  1;
  67  115  1.0023  -0.25717  1  1;
  68  230  1.07  -0.19263  1  1;
  69  400  1.0142  -0.15088  1  1;
  70  230  1.0719  -0.13773  1  1;
  71  400  1.07  -0.05981  1  1;
  72  400  1.0552  -0.050057  1  1;
  73  765  1.07  0  1  1;
  74  115  0.95525  -0.20379  1  1;
  75  230  0.97836  -0.32408  1  1;
  76  400  1.0223  -0.26866  1  1;
  77  230  1.0104  -0.46538  1  1;
  78  230  0.98578  -0.53261  1  1;
  79  400  0.97877  -0.4492  1  1;
  80  765  0.99847  -0.42871  1  1;
  81  400  1.0615  -0.13875  1  1;
  82  115  1.0023  -0.25717  1  1;
  83  115  0.98444  -0.26004  1  1;
  84  115  0.98444  -0.26004  1  1;
  85  230  0.98199  -0.50182  1  1;
  86  400  1.002  -0.44264  1  1;
  87  765  1.05  -0.39644  1  1;
  88  115  1.0023  -0.25717  1  1;
  89  115  1.0023  -0.25717  1  1;
  90  230  1.0094  -0.18727  1  1;
  91  400  1.146  -0.14257  1  1;
  92  115  0.98444  -0.26004  1  1;
  93  230  1.0163  -0.62695  1  1;
  94  115  1.05  -0.034407  1  1;
  95  400  1.07  -0.075961  1  1;
  96  230  0.95279  -0.55856  1  1;
  97  115  1.0023  -0.25717  1  1;
  98  765  1.0746  -0.10559  1  1;
  99  115  0.98025  -0.26446  1  1;
  100  115  1.0023  -0.25717  1  1;
  101  115  1.0023  -0.25717  1  1;
  102  115  0.98444  -0.26004  1  1;
  103  115  1.0023  -0.25717  1  1;
  104  115  0.98444  -0.26004  1  1;
  105  230  0.93938  -0.84702  1  1;
  106  115  1.0023  -0.25717  1  1;
  107  230  1.0023  -0.83915  1  1;
  108  230  0.98896  -0.82269  1  1;
  109  138  1.0547  -0.91261  1  1;
  110  230  1.0045  -0.84235  1  1;
  111  400  1.0189  -0.15846  1  1;
  112  115  1.0023  -0.25717  1  1;
  113  230  0.99933  -0.4575  1  1;
  114  115  1.0023  -0.25717  1  1;
  115  230  0.98842  -0.82663  1  1;
  116  230  0.99115  -0.50302  1  1;
  117  400  1.05  -0.41469  1  1;
  118  115  0.98444  -0.26004  1  1;
  119  230  1.07  -0.62878  1  1;
  120  115  0.98444  -0.26004  1  1;
  121  115  1.02  0.054618  1  1;
  122  115  0.99383  0.019735  1  1;
  123  115  1.0023  -0.25717  1  1;
  124  138  1.07  -0.91379  1  1;
  125  230  0.92904  -0.47497  1  1;
  126  230  1.07  -0.64372  1  1;
  127  115  1.0023  -0.25717  1  1;
  128  115  1.0023  -0.25717  1  1;
  129  115  1.0023  -0.25717  1  1;
  130  115  1.0023  -0.25717  1  1;
  131  230  0.94718  -0.5857  1  1;
  132  230  1.0021  -0.55915  1  1;
  133  400  1.0293  -0.26664  1  1;
  134  765  1.05  -0.2544  1  1;
  135  115  0.98444  -0.26004  1  1;
  136  230  1.0593  -0.69162  1  1;
  137  230  1.0158  -0.30624  1  1;
  138  230  0.93698  -0.47554  1  1;
  139  400  0.90882  -0.3702  1  1;
  140  115  1.0023  -0.25717  1  1;
  141  115  1.0023  -0.25717  1  1;
  142  115  1.0023  -0.25717  1  1;
  143  115  1.0023  -0.25717  1  1;
  144  230  1.0224  -0.42388  1  1;
  145  765  1.0514  -0.36841  1  1;
  146  230  1.05  -0.45942  1  1;
  147  230  1.0585  -0.6092  1  1;
  148  230  0.95955  -0.48769  1  1;
  149  115  1.0023  -0.25717  1  1;
  150  138  1.0329  -0.91001  1  1;
  151  230  0.99849  -0.84504  1  1;
  152  115  1.0023  -0.25717  1  1;
  153  115  1.0023  -0.25717  1  1;
  154  138  1.07  -0.87735  1  1;
  155  115  0.98444  -0.26004  1  1;
  156  230  1.0674  -0.65301  1  1;
  157  230  0.94798  -0.58922  1  1;
  158  115  1.0023  -0.25717  1  1;
  159  115  0.98444  -0.26004  1  1;
  160  230  1  0  1  1;
  161  230  0.9567  -0.546  1  1;
  162  400  0.94273  -0.52379  1  1;
  163  765  0.98704  -0.46859  1  1;
 ];

